0 2383.01
1 910.289
2 676.226
3 483.39
4 392.748
5 376.181
6 369.128
7 366.453
8 363.281
9 360.617
10 355.178
11 346.086
12 343.793
13 339.394
14 332.71
15 331.031
16 324.604
17 316.655
18 310.802
19 307.772
20 305.641
21 299.838
22 295.059
23 292.473
24 285.944
25 280.336
26 277.822
27 275.984
28 271.495
29 265.404
30 262.565
31 205.727
32 197.566
33 192.599
34 189.595
35 184.114
36 179.444
37 174.91
38 171.275
39 168.791
40 166.616
41 164.102
42 160.297
43 157.575
44 155.611
45 148.632
46 147.293
47 142.971
48 141.952
49 139.755
